"","BayesSpace_1","BayesSpace_2","BayesSpace_3","BayesSpace_4","BayesSpace_5","BayesSpace_6","BayesSpace_7","BayesSpace_8","BayesSpace_9","BayesSpace_10"
"1",1,1,1,1,1,1,1,1,1,1
"2",1,1,1,1,1,1,1,1,1,1
"3",1,1,1,1,1,1,1,1,1,1
"4",2,2,2,2,2,2,2,2,2,2
"5",1,1,1,1,1,1,1,1,1,1
"6",6,6,1,6,1,1,1,1,1,1
"7",2,2,2,2,2,2,2,2,2,2
"8",1,1,1,1,1,1,1,1,1,1
"9",1,1,1,1,1,1,1,1,1,1
"10",1,1,1,1,1,1,1,1,1,1
"11",1,1,1,1,1,1,1,1,1,1
"12",1,1,9,1,9,9,9,9,1,9
"13",1,1,1,1,1,1,1,1,1,1
"14",1,1,1,1,1,1,1,1,1,1
"15",11,5,5,9,5,5,5,5,9,5
"16",1,1,1,1,1,1,1,1,1,1
"17",1,1,9,1,9,9,9,9,1,9
"18",1,1,9,1,9,9,9,9,1,9
"19",7,7,7,7,7,7,7,7,7,7
"20",1,1,1,1,1,1,1,1,1,1
"21",1,1,1,1,1,1,1,1,1,1
"22",2,2,2,2,2,2,2,2,2,2
"23",4,4,4,4,4,4,4,12,4,4
"24",1,1,1,1,1,1,1,1,1,1
"25",2,2,2,2,2,2,2,2,2,2
"26",7,7,7,7,7,7,7,7,7,7
"27",1,1,9,1,9,9,1,1,1,1
"28",8,8,8,8,8,8,8,8,8,8
"29",1,1,1,1,1,1,1,1,1,1
"30",1,1,1,1,1,1,1,1,1,1
"31",1,1,9,1,9,9,9,9,1,9
"32",1,1,1,1,1,1,1,9,1,1
"33",8,8,8,8,8,8,8,8,8,8
"34",7,7,7,7,7,7,7,7,7,7
"35",1,1,1,1,1,1,1,1,1,1
"36",7,7,7,7,7,7,7,7,7,7
"37",9,13,9,13,9,9,9,9,13,9
"38",7,7,7,7,7,7,7,7,7,7
"39",1,1,9,1,9,9,9,9,1,9
"40",1,1,1,1,1,1,1,1,1,1
"41",1,1,9,1,9,9,9,9,1,9
"42",7,7,7,7,7,7,7,7,7,7
"43",7,7,7,7,7,7,7,7,7,7
"44",8,8,8,8,8,8,8,8,8,8
"45",8,8,8,8,8,8,8,9,8,9
"46",8,8,8,8,8,8,8,8,8,8
"47",7,7,7,7,7,7,7,7,7,7
"48",7,7,7,7,7,7,7,7,7,7
"49",7,7,7,7,7,7,7,7,7,7
"50",11,9,9,9,9,9,9,9,9,9
"51",1,1,9,1,9,9,9,9,1,9
"52",7,7,7,7,7,7,7,7,7,7
"53",8,8,8,8,8,8,8,8,8,8
"54",1,1,9,1,9,9,9,9,1,9
"55",11,5,5,9,5,5,5,5,9,5
"56",7,7,7,7,7,7,7,7,7,7
"57",7,7,7,7,7,7,7,7,7,7
"58",7,7,7,7,7,7,7,7,7,7
"59",7,7,7,7,7,7,7,7,7,7
"60",8,8,8,8,8,8,8,8,8,8
"61",2,2,2,2,2,2,2,2,2,2
"62",12,11,12,12,12,12,12,12,12,12
"63",7,7,7,7,9,7,7,7,7,7
"64",1,1,1,1,1,1,1,1,1,1
"65",7,7,7,7,7,7,7,7,7,7
"66",8,8,8,8,8,8,8,8,8,8
"67",7,7,9,7,9,9,9,9,7,9
"68",13,7,13,13,13,7,13,13,13,13
"69",7,7,7,7,7,7,7,7,7,7
"70",13,13,13,13,13,13,13,13,13,13
"71",7,7,7,7,7,7,7,7,7,7
"72",1,1,9,1,9,9,9,10,1,9
"73",12,11,12,12,12,12,12,12,12,12
"74",9,7,9,7,9,9,9,9,7,9
"75",13,13,13,13,13,13,13,13,13,13
"76",11,5,5,9,5,5,5,5,9,5
"77",8,8,8,8,8,8,8,8,8,8
"78",9,7,11,11,7,7,7,7,7,7
"79",10,10,10,10,10,10,10,10,10,10
"80",9,5,13,13,13,13,13,5,13,13
"81",13,13,13,13,13,13,13,13,13,13
"82",1,1,9,1,9,9,9,9,1,9
"83",7,7,7,7,7,7,7,7,7,7
"84",9,13,13,13,13,7,13,13,13,13
"85",10,10,10,10,10,10,10,10,10,10
"86",7,7,7,7,7,7,7,7,7,7
"87",7,7,7,7,7,7,7,7,7,7
"88",7,7,7,7,7,7,7,7,7,7
"89",7,7,7,7,7,7,7,7,7,7
"90",14,14,14,14,14,14,14,14,14,14
"91",10,10,10,10,10,10,10,10,10,10
"92",7,7,7,7,7,7,7,7,7,7
"93",7,7,7,7,7,7,7,7,7,7
"94",7,7,7,7,7,7,7,7,7,7
"95",7,7,7,7,7,7,7,7,7,7
"96",9,7,11,11,11,7,11,7,11,7
"97",7,7,7,7,7,7,7,7,7,7
"98",8,8,8,8,8,8,8,8,8,8
"99",12,11,4,12,4,4,4,12,12,12
"100",8,8,8,8,8,8,8,8,8,8
"101",1,1,9,1,9,9,9,9,9,9
"102",12,11,7,12,12,12,12,12,12,12
"103",9,13,11,13,13,13,13,13,13,13
"104",12,11,12,12,12,12,12,12,12,12
"105",7,7,7,7,7,7,7,7,7,7
"106",7,7,7,7,7,7,7,7,7,7
"107",7,7,7,7,7,7,7,7,7,7
"108",7,7,7,7,7,7,7,7,7,7
"109",12,11,11,12,11,11,11,12,12,12
"110",10,10,10,10,10,10,10,10,10,10
"111",13,13,13,13,13,13,13,13,13,13
"112",12,11,12,12,12,12,12,12,12,12
"113",7,7,7,7,7,7,7,7,7,7
"114",9,15,11,11,11,11,11,15,11,15
"115",7,7,7,7,7,7,7,7,7,7
"116",10,10,10,11,10,10,11,10,10,10
"117",7,7,7,7,7,7,7,7,7,7
"118",10,10,10,10,10,10,10,10,10,10
"119",2,2,2,2,2,2,2,2,2,2
"120",7,7,7,7,7,7,7,7,7,7
"121",16,16,16,16,16,16,16,16,16,16
"122",7,7,7,7,7,7,7,7,7,7
"123",9,15,11,11,11,11,11,15,11,15
"124",10,10,10,10,10,10,10,9,10,9
"125",7,7,7,7,7,7,7,7,7,7
"126",7,7,7,7,7,7,7,7,7,7
"127",7,7,7,7,7,7,7,7,7,7
"128",12,11,12,12,12,12,12,4,12,12
"129",7,7,7,7,7,7,7,7,7,7
"130",7,7,7,7,7,9,7,7,7,7
"131",16,16,16,16,16,16,16,16,16,16
"132",7,7,7,7,7,7,7,7,7,7
"133",17,17,17,18,17,17,17,17,17,17
"134",8,8,8,8,8,8,8,8,8,8
"135",7,7,7,7,7,7,7,7,7,7
"136",13,13,13,13,13,13,13,13,13,13
"137",9,13,11,11,11,13,11,12,13,13
"138",7,5,5,9,5,5,5,9,9,9
"139",3,3,3,3,3,3,3,3,3,3
"140",7,7,7,7,7,7,7,7,7,7
"141",7,7,7,7,7,7,7,7,7,7
"142",7,7,7,7,7,7,7,7,7,7
"143",8,8,8,8,8,8,8,8,8,8
"144",7,7,7,7,7,7,7,7,7,7
"145",15,15,11,11,11,11,11,15,11,15
"146",2,2,2,2,2,2,2,2,2,2
"147",7,7,7,7,7,7,7,7,7,7
"148",9,15,11,11,11,11,11,15,11,15
"149",8,8,8,8,8,8,8,8,8,8
"150",13,13,13,13,13,13,13,13,13,13
"151",7,7,7,7,7,7,7,7,7,7
"152",10,10,10,10,10,10,10,10,10,10
"153",12,11,16,12,16,16,16,4,12,12
"154",7,7,7,7,7,7,7,7,7,7
"155",13,13,13,11,13,13,13,13,11,13
"156",3,3,3,3,3,3,3,3,3,3
"157",7,7,7,7,7,7,7,7,7,7
"158",7,7,7,7,7,7,7,7,7,7
"159",1,1,1,1,1,1,1,1,1,1
"160",7,7,7,7,7,7,7,7,7,7
"161",12,11,13,12,13,13,13,12,12,12
"162",9,15,11,11,11,11,11,15,11,15
"163",7,7,7,7,7,7,7,7,7,7
"164",7,7,7,7,7,7,7,7,7,7
"165",1,1,9,1,9,9,9,9,1,9
"166",9,15,11,11,11,11,11,15,11,15
"167",9,15,11,11,11,11,11,15,11,15
"168",9,15,11,11,11,11,11,15,11,15
"169",16,16,16,16,16,16,16,16,16,16
"170",7,7,7,7,7,7,7,7,7,7
"171",8,8,8,8,8,8,8,8,8,8
"172",3,3,3,3,3,3,3,3,3,3
"173",3,3,3,3,3,3,3,3,3,3
"174",7,7,7,7,7,7,7,7,7,7
"175",10,10,10,10,10,10,10,10,10,10
"176",2,2,2,2,2,2,2,2,2,2
"177",9,15,11,11,11,11,11,15,11,15
"178",7,7,7,7,7,7,7,7,7,7
"179",12,11,12,12,12,12,12,12,12,12
"180",7,7,7,7,7,7,7,7,7,7
"181",9,15,11,11,11,11,11,15,11,15
"182",4,4,4,4,4,4,4,4,4,4
"183",2,2,2,2,2,2,2,2,2,2
"184",9,7,11,11,11,11,11,7,11,13
"185",11,5,5,9,5,5,5,5,9,5
"186",7,7,7,7,7,7,7,7,7,7
"187",11,5,5,9,5,5,5,5,9,5
"188",7,7,7,7,7,7,7,7,7,7
"189",9,15,11,11,11,11,11,15,11,15
"190",7,7,7,7,7,7,7,7,7,7
"191",10,10,10,10,10,10,10,10,10,10
"192",1,1,9,1,9,9,9,9,1,9
"193",16,16,16,16,16,16,16,16,16,16
"194",12,11,12,12,12,12,12,12,12,12
"195",10,10,10,10,10,10,10,10,10,10
"196",7,7,7,7,7,7,7,7,7,7
"197",7,7,7,7,7,7,7,7,7,7
"198",10,10,1,10,1,1,1,1,10,1
"199",11,5,9,9,9,9,9,9,9,9
"200",7,7,7,7,7,7,7,7,7,7
"201",16,16,16,16,16,16,16,16,16,16
"202",10,10,10,11,10,10,10,10,10,10
"203",10,10,10,10,10,10,10,10,10,10
"204",11,5,5,9,5,5,5,5,9,5
"205",3,3,3,3,3,3,3,3,3,3
"206",13,13,13,13,13,13,13,13,13,13
"207",10,10,10,10,10,10,10,10,10,10
"208",7,7,7,7,7,7,7,7,7,7
"209",16,16,16,16,16,16,16,16,16,16
"210",10,10,10,10,10,15,10,10,10,10
"211",12,11,12,12,12,12,12,12,12,12
"212",10,10,10,10,10,10,10,10,10,10
"213",15,15,15,15,15,15,15,15,15,15
"214",13,13,13,13,13,10,13,13,13,13
"215",18,12,3,17,3,3,3,11,18,11
"216",10,10,10,10,10,10,10,10,10,10
"217",10,10,10,10,10,10,10,10,10,7
"218",12,11,12,12,12,12,12,12,12,12
"219",5,9,18,5,18,17,18,18,5,18
"220",15,15,11,15,11,11,11,15,11,15
"221",16,16,16,16,16,16,16,16,16,16
"222",10,10,10,10,10,10,10,10,10,10
"223",2,2,2,2,2,2,2,2,2,2
"224",12,11,12,12,12,12,12,12,12,12
"225",12,11,12,12,12,12,12,12,12,12
"226",15,15,15,15,15,15,15,15,15,15
"227",11,5,5,9,5,5,5,5,11,5
"228",12,11,12,12,12,12,12,12,12,12
"229",1,1,9,1,9,9,9,9,1,9
"230",7,7,7,7,7,7,7,7,7,7
"231",13,13,13,13,13,13,13,13,13,13
"232",9,15,11,11,11,11,11,15,11,15
"233",8,8,8,8,8,8,8,8,8,8
"234",3,3,3,3,3,3,3,3,3,3
"235",9,13,13,13,13,13,13,13,13,13
"236",10,10,10,10,10,10,10,10,10,10
"237",12,11,12,12,12,12,12,12,12,12
"238",13,13,13,13,13,13,13,13,13,13
"239",10,10,10,10,10,10,10,10,10,10
"240",8,8,8,8,8,8,8,8,8,8
"241",3,3,3,3,3,3,3,3,3,3
"242",18,12,18,17,18,18,18,11,18,11
"243",4,4,4,4,4,4,4,4,4,4
"244",1,15,1,11,1,1,1,1,11,1
"245",13,13,13,13,13,13,13,13,13,13
"246",9,13,11,11,11,13,11,13,13,13
"247",2,2,2,2,2,2,2,2,2,2
"248",3,3,3,3,3,11,11,3,11,15
"249",12,11,12,12,12,12,12,12,12,12
"250",4,4,4,4,4,4,4,4,4,4
"251",9,15,11,11,11,11,11,15,11,15
"252",9,15,11,11,11,11,11,12,11,15
"253",16,16,16,16,16,16,16,16,16,16
"254",12,11,12,12,12,12,12,12,12,12
"255",9,13,13,13,13,10,10,13,13,13
"256",11,5,9,1,9,9,9,9,9,9
"257",12,11,12,12,12,12,12,12,12,12
"258",10,10,10,10,10,10,10,10,10,10
"259",11,5,5,9,5,5,9,5,9,5
"260",9,15,11,11,11,11,11,15,11,15
"261",4,4,4,4,4,4,4,4,4,4
"262",15,15,15,15,15,11,15,15,15,15
"263",9,15,11,11,11,11,11,15,11,15
"264",6,6,6,6,6,6,6,9,6,9
"265",8,8,8,8,8,8,8,8,8,8
"266",12,11,12,12,12,12,12,12,12,12
"267",13,13,13,13,13,13,13,13,13,13
"268",12,11,12,12,12,12,12,12,12,12
"269",9,5,11,11,11,11,11,9,11,9
"270",9,15,11,11,11,11,11,15,11,15
"271",15,15,15,15,15,15,15,15,15,15
"272",3,3,3,3,3,3,3,3,3,3
"273",9,10,11,11,11,10,10,10,10,10
"274",3,3,3,3,3,3,3,3,3,3
"275",10,10,15,15,15,15,15,10,15,10
"276",3,3,3,3,3,3,3,3,3,3
"277",4,4,4,4,4,4,4,4,4,4
"278",8,8,8,8,8,8,8,8,8,8
"279",9,13,9,13,9,9,9,9,13,9
"280",15,15,15,15,15,15,15,15,15,15
"281",2,2,2,2,2,2,2,2,2,2
"282",8,8,8,8,8,8,8,8,8,8
"283",13,13,13,13,13,13,13,13,13,13
"284",13,13,13,13,13,13,13,13,13,13
"285",15,15,15,15,15,15,15,15,15,15
"286",8,8,8,8,8,8,8,8,8,8
"287",8,8,8,8,8,8,8,8,8,8
"288",13,13,15,15,15,15,15,13,15,13
"289",12,11,12,12,12,12,12,12,12,12
"290",13,13,13,13,13,13,13,13,13,13
"291",15,10,15,15,15,15,15,10,15,10
"292",11,5,5,9,5,5,5,5,9,5
"293",10,10,10,10,10,10,10,10,10,10
"294",13,13,13,13,13,13,13,13,13,13
"295",1,1,1,1,1,1,1,1,1,1
"296",15,2,15,15,15,15,15,2,15,9
"297",4,4,4,4,4,4,4,4,4,4
"298",2,2,2,2,2,2,2,2,2,2
"299",10,10,10,10,10,10,10,12,10,10
"300",12,11,12,12,12,12,12,12,12,12
"301",1,1,9,1,9,9,9,9,1,9
"302",10,10,10,10,10,10,10,10,10,10
"303",15,10,15,15,15,15,15,10,15,10
"304",12,11,12,12,12,12,12,12,12,12
"305",12,11,12,12,12,12,12,12,12,12
"306",12,11,12,12,12,12,12,12,12,12
"307",12,11,12,12,12,12,12,12,12,12
"308",16,16,16,16,16,16,16,16,16,16
"309",16,16,16,16,16,16,16,16,16,16
"310",11,5,5,9,5,5,5,5,9,5
"311",11,5,5,9,5,5,5,5,9,5
"312",15,15,11,11,11,11,11,15,11,15
"313",2,2,2,2,2,2,2,2,2,2
"314",14,14,14,14,14,14,14,14,14,14
"315",8,8,8,8,8,8,8,8,8,8
"316",10,10,15,10,10,15,15,10,15,10
"317",2,2,2,2,2,2,2,2,2,2
"318",10,10,10,10,10,10,10,10,10,10
"319",8,8,8,8,8,8,8,8,8,8
"320",12,11,12,12,12,12,12,12,12,12
"321",13,13,15,15,15,15,15,13,15,13
"322",12,11,12,12,12,12,12,12,12,12
"323",10,10,15,15,15,15,15,10,15,10
"324",12,11,12,12,12,12,12,12,12,12
"325",13,13,13,13,13,13,13,13,13,13
"326",8,8,8,8,8,8,8,8,8,8
"327",12,11,12,12,12,12,12,4,12,12
"328",13,13,15,15,15,15,15,13,15,13
"329",11,5,6,9,6,6,6,9,9,9
"330",10,10,15,15,15,15,15,10,15,10
"331",12,11,12,12,12,12,12,12,12,12
"332",11,5,5,2,5,5,5,5,2,5
"333",9,15,9,11,9,9,9,9,11,9
"334",16,16,16,16,16,16,16,16,16,16
"335",9,15,11,11,11,11,11,15,11,15
"336",8,8,8,8,8,8,8,1,8,8
"337",15,10,15,15,15,15,15,10,15,10
"338",13,13,13,13,13,13,13,13,13,13
"339",9,15,11,11,11,11,11,15,11,15
"340",12,11,12,12,12,12,12,12,12,12
"341",15,15,15,15,15,11,15,15,15,15
"342",16,16,16,4,16,16,16,4,16,4
"343",16,16,16,16,16,16,16,16,16,16
"344",15,14,14,15,15,14,14,14,14,14
"345",10,10,5,10,5,5,5,10,10,10
"346",10,10,10,10,10,10,10,10,10,10
"347",10,10,10,10,10,10,10,10,10,10
"348",15,15,15,15,15,15,15,15,15,15
"349",8,8,8,8,8,8,8,8,8,8
"350",14,14,15,15,15,14,15,14,14,14
"351",15,15,15,15,15,11,15,15,11,15
"352",13,13,13,13,11,13,13,13,13,13
"353",10,10,15,15,15,15,15,10,15,10
"354",18,12,18,17,18,18,18,11,18,11
"355",18,12,18,17,18,18,18,11,18,11
"356",8,8,8,8,8,8,8,8,8,8
"357",3,3,3,3,3,3,3,3,3,3
"358",17,17,17,18,17,17,17,17,17,17
"359",3,3,1,15,1,1,1,3,3,3
"360",10,10,10,10,10,10,10,10,10,10
"361",10,10,10,10,10,10,10,10,10,10
"362",3,3,3,3,3,3,3,3,3,3
"363",17,17,17,18,17,17,17,17,17,17
"364",4,4,4,4,4,4,4,16,4,4
"365",10,10,10,10,10,10,10,10,10,10
"366",17,17,17,18,17,17,17,17,17,17
"367",1,1,9,1,9,9,9,1,1,1
"368",15,15,15,15,15,11,11,15,11,15
"369",8,8,8,8,8,8,8,8,8,8
"370",12,11,15,15,15,15,15,12,15,12
"371",12,11,12,12,12,12,12,12,12,12
"372",2,2,2,2,2,2,2,2,2,2
"373",13,13,13,13,13,13,13,13,13,13
"374",1,1,9,1,9,9,9,9,9,9
"375",15,15,15,15,15,15,15,15,15,15
"376",12,11,12,12,12,12,12,4,12,12
"377",15,15,11,11,11,11,11,15,11,15
"378",10,10,10,10,10,10,10,10,10,10
"379",15,15,15,15,11,11,15,15,15,15
"380",3,3,3,3,3,3,3,3,3,3
"381",15,15,15,15,15,15,15,12,15,15
"382",15,15,15,15,15,15,15,15,15,15
"383",2,2,2,2,2,2,2,2,2,2
"384",15,15,15,15,15,15,15,15,15,15
"385",2,2,2,2,2,2,2,2,2,2
"386",14,14,1,14,1,1,1,1,1,1
"387",4,4,4,4,4,4,4,4,4,4
"388",8,8,8,8,8,8,8,8,8,8
"389",13,13,15,15,15,15,15,13,15,13
"390",10,10,10,10,10,15,10,10,15,10
"391",15,13,15,15,15,15,15,13,15,15
"392",16,16,16,16,16,4,16,16,16,16
"393",7,13,15,15,15,7,15,15,15,7
"394",3,3,3,3,3,3,3,3,3,3
"395",3,3,3,3,3,3,3,3,3,3
"396",13,13,13,13,13,13,13,13,13,13
"397",1,1,1,1,1,1,1,1,1,1
"398",4,4,4,4,4,4,4,4,4,4
"399",12,11,12,12,12,12,12,12,12,12
"400",12,11,12,12,12,12,12,12,12,12
"401",15,3,15,15,15,3,15,3,15,3
"402",15,15,15,15,15,11,11,15,11,15
"403",10,10,10,10,10,10,10,12,10,10
"404",13,13,13,13,13,13,13,13,13,13
"405",8,8,8,8,8,8,8,8,8,8
"406",8,8,8,8,8,8,8,8,8,8
"407",17,17,17,18,17,9,17,17,17,17
"408",12,11,12,12,12,12,12,12,12,12
"409",3,3,3,3,3,3,3,3,3,3
"410",12,11,13,12,13,13,13,12,12,12
"411",15,15,5,9,5,5,5,15,11,15
"412",15,15,15,15,15,15,15,15,15,15
"413",2,2,2,2,2,2,2,2,2,2
"414",15,15,15,15,15,15,15,15,15,15
"415",17,17,17,18,17,17,17,17,17,17
"416",5,9,17,5,17,17,17,18,5,18
"417",10,10,15,10,10,15,15,10,15,10
"418",10,17,10,18,10,10,10,10,17,17
"419",8,8,8,8,8,8,8,8,8,8
"420",9,15,5,11,11,11,11,15,11,15
"421",17,17,17,18,17,17,17,17,17,17
"422",13,13,15,15,15,13,15,13,15,13
"423",4,4,4,4,4,4,4,4,4,4
"424",12,11,12,12,12,12,12,12,12,12
"425",13,13,13,13,13,13,13,13,13,13
"426",13,13,13,13,13,13,13,13,13,13
"427",10,10,10,10,10,15,10,10,10,10
"428",5,9,17,5,18,17,17,18,5,18
"429",12,11,12,12,12,12,12,12,12,12
"430",16,16,16,16,16,16,16,16,16,16
"431",8,8,8,8,8,8,8,8,8,8
"432",10,10,10,10,10,15,15,10,10,10
"433",6,6,6,6,6,6,6,6,6,6
"434",17,9,17,18,17,17,17,18,17,17
"435",12,11,12,12,12,12,12,12,12,12
"436",2,2,2,2,2,2,2,2,2,2
"437",4,4,4,4,4,4,4,4,4,4
"438",9,13,11,11,13,11,11,13,13,13
"439",15,15,15,15,15,15,15,15,15,15
"440",16,16,16,16,16,16,16,16,16,16
"441",13,13,13,13,13,15,13,13,13,13
"442",18,12,12,17,12,4,12,4,18,11
"443",12,11,12,12,12,12,12,12,12,12
"444",9,10,11,11,11,10,11,12,11,10
"445",3,3,3,3,3,3,3,3,3,3
"446",14,14,14,14,14,14,14,14,14,14
"447",12,11,13,12,13,13,13,12,13,12
"448",15,15,15,15,15,15,15,15,15,15
"449",16,16,16,16,16,16,16,16,16,16
"450",18,12,18,17,13,18,18,11,18,11
"451",15,15,15,15,15,15,15,15,15,15
"452",15,15,15,15,15,11,15,15,11,15
"453",4,4,4,4,4,4,4,4,4,4
"454",11,5,5,9,9,15,9,5,15,5
"455",16,16,16,16,16,16,16,16,16,16
"456",2,2,2,2,2,2,2,2,2,2
"457",10,10,10,10,10,10,10,10,10,10
"458",12,11,12,12,12,12,12,12,12,12
"459",9,15,11,11,11,11,11,15,11,15
"460",12,11,12,12,12,12,12,4,12,12
"461",12,11,12,12,12,12,12,12,12,12
"462",12,11,12,12,12,12,12,12,12,12
"463",3,3,3,3,3,3,3,3,3,3
"464",15,15,15,15,15,11,15,15,11,15
"465",15,15,15,15,15,15,15,15,15,15
"466",10,10,10,10,10,10,10,10,10,10
"467",5,9,17,5,17,17,17,18,5,18
"468",13,13,13,13,13,13,13,13,13,13
"469",12,11,12,12,12,12,12,12,12,12
"470",15,15,11,11,11,11,11,15,11,15
"471",2,2,2,2,2,2,2,2,2,2
"472",8,8,8,8,8,8,8,8,8,8
"473",3,3,3,3,3,3,3,3,3,3
"474",13,13,13,13,13,13,13,13,13,13
"475",4,4,4,4,4,4,4,4,4,4
"476",12,11,12,12,12,12,12,12,12,12
"477",2,2,2,2,2,2,2,2,2,2
"478",4,4,4,4,4,4,4,4,4,4
"479",1,1,9,1,9,9,9,9,1,9
"480",10,10,10,10,10,10,10,10,10,10
"481",15,15,11,15,11,11,11,15,11,15
"482",3,12,3,3,3,3,3,12,3,11
"483",9,3,11,11,11,11,11,3,11,3
"484",15,1,2,2,1,15,1,1,1,2
"485",18,12,17,17,17,17,17,11,18,11
"486",15,15,11,11,11,11,11,15,11,15
"487",12,11,12,12,12,12,12,12,12,12
"488",12,11,12,12,12,12,12,12,12,12
"489",10,5,5,9,5,5,5,5,10,5
"490",16,16,16,16,16,16,16,16,16,16
"491",8,8,8,8,8,8,8,8,8,8
"492",17,17,17,18,17,17,17,17,17,17
"493",3,3,3,3,3,3,3,3,3,3
"494",16,16,16,16,16,16,16,16,16,16
"495",15,15,15,15,15,15,15,15,15,15
"496",10,17,10,18,10,10,10,10,10,10
"497",8,8,8,8,8,8,8,8,8,8
"498",16,16,16,16,16,16,16,16,16,12
"499",12,11,12,12,12,12,12,12,12,12
"500",10,10,10,10,10,10,10,10,10,10
"501",4,4,4,4,4,4,4,4,4,4
"502",15,13,15,15,15,15,15,13,15,13
"503",4,4,4,4,4,4,4,4,4,4
"504",18,12,17,17,18,17,18,11,18,11
"505",1,1,9,1,9,9,9,9,9,9
"506",8,8,8,8,8,8,8,8,8,8
"507",16,16,16,16,16,16,16,16,16,16
"508",9,15,11,11,11,11,11,15,11,15
"509",4,4,4,4,4,16,16,4,4,4
"510",16,16,16,16,16,16,16,16,16,16
"511",4,4,4,4,4,4,4,4,4,4
"512",9,15,11,11,11,11,11,15,11,15
"513",15,15,15,15,15,15,15,15,15,15
"514",2,2,2,2,2,2,2,2,2,2
"515",17,17,17,18,17,17,17,17,17,17
"516",5,18,18,5,18,18,18,11,18,18
"517",17,18,18,18,18,15,18,17,17,17
"518",18,12,17,17,17,17,17,11,18,11
"519",12,11,12,12,12,12,12,12,12,12
"520",12,11,13,12,13,13,13,12,13,12
"521",4,16,4,16,4,4,4,16,4,16
"522",15,15,15,15,15,15,15,15,15,15
"523",3,3,3,3,3,3,3,3,3,3
"524",4,4,4,4,4,4,4,4,4,4
"525",16,16,16,16,16,16,16,16,16,16
"526",11,5,5,13,5,5,5,13,13,5
"527",4,4,4,4,4,4,4,4,4,4
"528",11,5,5,9,5,5,5,5,9,5
"529",2,2,2,2,2,2,2,2,2,2
"530",15,15,5,15,5,5,5,15,11,15
"531",15,15,15,15,15,11,15,15,11,15
"532",5,18,18,5,18,18,18,18,5,18
"533",3,3,3,3,3,3,3,3,3,3
"534",12,11,12,12,12,12,12,12,12,12
"535",3,3,3,3,3,3,3,3,3,3
"536",4,4,4,4,4,4,4,16,4,4
"537",13,13,15,15,15,15,15,13,15,8
"538",3,3,3,3,3,3,3,3,3,3
"539",3,3,3,3,3,3,3,3,3,3
"540",2,2,2,2,2,2,2,2,2,2
"541",5,18,18,5,18,18,18,18,5,18
"542",14,14,14,14,14,14,14,14,14,14
"543",3,18,18,5,18,18,18,18,3,3
"544",10,10,10,10,10,10,10,10,10,10
"545",5,18,18,5,18,18,18,18,5,18
"546",18,18,18,5,18,18,18,11,18,18
"547",17,17,17,18,17,17,17,17,17,17
"548",8,8,8,8,8,8,8,8,8,8
"549",18,12,18,17,18,18,18,11,18,11
"550",3,3,3,3,3,3,3,3,3,3
"551",17,18,18,18,18,18,18,18,17,17
"552",8,8,8,8,8,8,8,8,8,8
"553",3,3,3,3,3,3,3,3,3,3
"554",12,11,12,12,12,12,12,12,12,12
"555",16,16,16,16,16,16,16,16,16,16
"556",13,13,13,13,13,13,13,13,13,13
"557",18,12,5,9,5,5,5,12,18,11
"558",8,8,8,8,8,8,8,8,8,8
"559",12,11,12,12,12,12,12,12,12,12
"560",12,11,12,12,12,12,12,12,12,12
"561",8,8,8,8,8,8,8,8,8,8
"562",12,11,12,12,12,12,12,12,12,12
"563",12,11,12,12,12,12,12,12,12,12
"564",8,8,8,8,8,8,8,8,8,8
"565",16,16,16,16,16,16,16,16,16,16
"566",16,16,4,16,4,4,4,16,16,16
"567",15,17,11,18,17,11,17,15,17,15
"568",12,11,12,12,12,12,12,12,12,12
"569",8,8,8,8,8,8,8,8,8,8
"570",12,11,12,12,12,12,12,12,12,12
"571",11,5,9,9,9,9,9,9,9,9
"572",3,3,3,3,3,3,3,3,3,3
"573",1,1,1,1,1,1,1,1,1,1
"574",12,11,12,12,12,12,12,12,12,12
"575",16,16,16,16,16,16,16,16,16,16
"576",10,10,10,10,10,15,15,10,15,10
"577",18,12,5,17,5,5,5,11,18,11
"578",4,4,4,4,4,4,4,4,4,4
"579",3,3,3,3,3,3,3,3,3,3
"580",15,15,15,15,15,15,15,15,15,15
"581",5,18,18,5,18,18,18,18,18,18
"582",8,8,8,8,8,8,8,8,8,8
"583",5,9,18,5,18,18,18,18,5,18
"584",3,3,3,3,3,3,3,3,3,3
"585",8,8,8,8,8,8,8,8,8,8
"586",12,11,12,12,12,12,12,12,12,12
"587",2,2,2,2,2,2,2,2,2,2
"588",18,12,18,17,18,18,18,11,18,11
"589",11,9,9,18,9,9,9,9,9,9
"590",10,10,10,10,10,10,10,10,10,10
"591",17,18,18,18,18,18,18,17,17,17
"592",17,17,17,18,17,17,17,17,17,17
"593",18,12,12,17,12,12,12,11,18,11
"594",13,13,13,13,13,13,13,13,13,13
"595",12,11,12,17,12,12,12,12,12,11
"596",8,8,8,8,8,8,8,8,8,8
"597",10,10,10,10,10,15,10,10,10,10
"598",8,8,8,8,8,8,8,8,8,8
"599",4,4,4,4,4,4,4,4,4,4
"600",3,3,3,3,3,3,3,3,3,3
"601",15,15,11,11,11,11,11,15,11,15
"602",13,13,13,13,13,13,13,13,13,13
"603",18,12,12,17,12,12,12,11,12,11
"604",12,11,5,12,5,5,5,12,12,12
"605",12,11,12,12,12,12,12,12,12,12
"606",17,18,17,18,17,17,17,17,17,17
"607",18,12,12,17,12,12,12,11,18,11
"608",5,18,18,5,18,18,18,18,5,18
"609",3,3,3,3,3,3,3,3,3,3
"610",4,4,4,4,4,4,4,16,4,4
"611",18,12,18,17,18,18,18,11,18,11
"612",5,9,18,5,18,18,18,18,5,18
"613",12,11,12,12,12,12,12,12,12,12
"614",4,4,4,4,4,4,4,4,4,4
"615",12,11,12,12,12,12,12,12,12,12
"616",13,13,13,13,13,13,13,13,13,13
"617",16,16,16,16,4,4,4,16,16,16
"618",2,2,9,2,9,9,9,9,9,9
"619",12,11,12,12,12,12,12,12,12,12
"620",9,15,11,11,11,11,11,15,11,15
"621",4,4,4,4,4,4,4,4,4,4
"622",1,1,1,1,1,1,1,1,1,1
"623",18,12,5,17,5,5,5,11,18,11
"624",1,1,1,1,1,1,1,1,1,1
"625",6,6,6,6,6,6,6,6,6,6
"626",15,15,15,15,15,15,15,12,15,15
"627",5,18,18,5,18,18,18,18,5,18
"628",16,16,16,16,16,16,16,16,16,16
"629",4,4,4,4,4,4,4,4,4,4
"630",12,12,12,12,12,12,12,4,12,12
"631",17,17,17,18,17,17,17,17,17,17
"632",11,5,5,9,5,5,5,5,9,5
"633",8,8,8,8,8,8,8,8,8,8
"634",15,15,15,15,15,15,15,15,15,15
"635",18,12,12,17,12,12,12,11,18,11
"636",12,11,12,12,12,12,12,4,12,12
"637",5,9,18,5,5,17,18,18,5,18
"638",14,14,14,14,14,14,14,14,14,14
"639",8,8,8,8,8,8,8,8,8,8
"640",1,8,1,15,1,1,1,1,1,1
"641",17,18,17,5,17,17,17,17,17,18
"642",8,8,8,8,8,8,8,8,8,8
"643",5,18,18,5,18,18,18,18,5,18
"644",2,2,2,2,2,2,2,2,2,2
"645",3,3,11,3,11,11,11,3,11,15
"646",17,17,17,18,17,17,17,17,17,17
"647",18,12,12,17,18,12,18,11,18,11
"648",5,9,18,5,18,18,18,18,5,18
"649",15,15,15,15,15,11,15,15,11,15
"650",11,5,5,9,5,5,5,5,9,5
"651",16,16,16,16,16,16,16,16,16,16
"652",8,8,8,8,8,8,8,8,8,8
"653",3,3,3,3,3,3,3,3,3,3
"654",17,17,17,18,17,17,17,17,17,17
"655",16,16,16,16,16,16,16,16,16,16
"656",17,9,17,5,17,17,17,18,5,18
"657",17,17,17,18,17,8,17,17,17,17
"658",18,12,18,17,18,17,18,11,18,11
"659",16,16,16,16,16,16,16,16,16,16
"660",8,8,8,8,8,8,8,8,8,8
"661",17,17,17,18,17,17,17,17,17,17
"662",5,18,18,5,18,18,18,18,5,18
"663",4,4,4,4,4,4,4,4,4,4
"664",16,16,16,16,16,16,16,16,16,16
"665",5,18,18,5,18,18,18,18,5,18
"666",8,8,8,8,8,8,8,8,8,8
"667",16,16,12,16,12,12,12,16,16,16
"668",11,5,5,9,5,5,5,5,9,5
"669",18,12,3,17,15,3,3,11,18,11
"670",17,17,17,18,17,17,17,17,17,17
"671",16,16,16,16,16,16,16,16,16,16
"672",5,18,18,5,18,18,18,18,5,18
"673",12,11,12,12,12,12,12,12,12,12
"674",6,9,6,18,6,6,6,17,17,6
"675",17,9,17,18,17,17,17,17,17,17
"676",18,12,18,17,18,18,18,11,18,11
"677",17,9,17,18,17,17,17,17,17,17
"678",14,11,14,12,14,14,14,12,12,12
"679",14,14,14,14,14,14,14,14,14,14
"680",17,17,17,18,17,17,17,17,17,17
"681",4,4,4,4,4,4,4,4,4,4
"682",2,2,2,2,2,2,2,2,2,2
"683",14,14,14,14,14,14,14,14,14,14
"684",6,6,6,6,6,6,6,6,6,6
"685",17,17,17,18,17,17,17,17,17,17
"686",17,18,17,18,17,17,17,17,17,17
"687",12,11,12,12,12,12,12,12,12,12
"688",1,1,9,1,9,9,1,1,1,1
"689",3,3,3,3,3,17,3,3,3,3
"690",17,17,17,18,17,17,17,17,17,17
"691",18,12,18,17,18,18,18,11,18,11
"692",14,14,14,14,14,14,14,14,14,14
"693",4,4,12,4,4,4,12,4,4,4
"694",17,17,17,18,17,17,17,17,17,17
"695",5,18,5,9,5,5,5,18,5,18
"696",4,4,4,4,4,4,4,4,4,4
"697",13,13,13,13,13,13,13,13,13,13
"698",17,9,17,18,17,17,17,17,17,17
"699",5,18,18,5,18,18,18,18,5,18
"700",18,12,12,17,12,12,12,11,18,11
"701",17,18,17,18,17,18,17,17,17,17
"702",8,8,8,8,8,8,8,8,8,8
"703",13,13,13,13,13,13,13,13,13,13
"704",17,9,17,18,17,17,17,17,17,17
"705",15,15,15,15,15,15,15,15,15,15
"706",5,9,18,5,18,18,18,18,5,18
"707",18,12,18,17,18,18,18,11,18,11
"708",5,9,18,5,18,18,18,18,5,18
"709",5,9,18,5,18,18,18,18,5,18
"710",5,9,18,5,18,18,18,18,5,18
"711",4,4,4,4,4,4,4,4,4,4
"712",17,9,17,18,17,17,17,17,17,17
"713",11,5,5,9,5,5,5,5,9,5
"714",2,2,2,2,2,2,2,2,2,2
"715",5,9,18,5,18,18,18,18,5,18
"716",1,1,9,1,9,9,9,9,1,9
"717",8,8,8,8,8,8,8,8,8,8
"718",17,18,17,18,17,17,17,17,17,18
"719",4,4,4,4,4,4,4,4,4,4
"720",5,18,18,5,18,18,18,18,5,18
"721",5,9,18,5,18,18,18,11,18,18
"722",14,14,14,14,14,14,14,14,14,14
"723",17,17,17,18,17,18,17,17,17,17
"724",2,2,2,2,2,2,2,2,2,2
"725",5,18,18,5,18,18,18,18,5,18
"726",17,17,17,18,17,17,17,17,17,17
"727",1,1,1,1,1,1,1,1,1,1
"728",9,15,11,11,11,11,11,15,11,15
"729",5,18,18,5,18,18,18,11,18,18
"730",14,14,14,14,14,14,14,14,14,14
"731",17,9,18,5,18,18,18,18,17,18
"732",17,17,17,18,17,17,17,17,17,17
"733",5,18,18,5,18,18,18,18,5,18
"734",13,13,13,13,13,13,13,13,13,13
"735",5,9,18,5,18,18,18,18,5,18
"736",15,15,11,11,11,11,11,15,11,15
"737",17,9,17,18,17,17,17,17,17,17
"738",10,10,10,10,10,10,10,10,10,10
"739",18,12,12,17,12,12,12,11,18,11
"740",17,17,17,18,17,17,17,17,17,17
"741",13,13,13,13,13,13,13,13,13,13
"742",1,1,1,1,1,1,1,1,1,1
"743",5,18,18,5,18,18,18,18,5,18
"744",17,17,17,18,17,17,17,17,17,17
"745",13,13,13,13,13,13,13,13,13,13
"746",13,13,13,13,13,13,13,13,13,13
"747",2,2,2,2,2,2,2,2,2,2
"748",2,2,2,2,2,2,2,2,2,2
"749",18,12,18,17,18,18,18,11,18,11
"750",17,9,17,5,17,17,17,18,5,18
"751",11,9,5,5,5,5,5,5,5,5
"752",18,12,4,17,4,4,4,11,18,11
"753",4,4,4,4,4,4,4,4,4,4
"754",4,4,4,4,4,4,4,4,4,4
"755",13,13,13,13,13,13,13,13,13,13
"756",11,5,5,9,5,5,5,5,9,5
"757",17,17,17,18,17,17,17,17,17,17
"758",18,12,12,17,12,12,12,11,18,11
"759",13,13,13,13,13,13,13,13,13,13
"760",11,5,5,9,5,5,5,5,9,5
"761",5,9,18,5,18,18,18,18,5,18
"762",17,17,17,18,17,18,17,17,17,17
"763",5,18,18,5,18,18,18,18,5,18
"764",17,17,10,18,10,15,15,17,17,17
"765",6,6,6,6,6,6,6,6,6,6
"766",5,18,17,5,17,17,17,18,5,18
"767",16,16,12,16,12,12,12,4,12,16
"768",4,4,4,4,4,4,4,4,4,4
"769",12,11,12,12,12,12,12,12,12,12
"770",5,18,18,5,18,18,18,18,5,18
"771",17,17,17,18,17,17,17,17,17,17
"772",16,16,16,16,16,16,16,16,16,16
"773",18,12,18,17,18,18,18,11,18,11
"774",13,13,13,13,13,13,13,13,13,13
"775",17,9,9,18,9,9,9,17,9,17
"776",11,5,5,9,5,5,5,5,9,5
"777",14,14,14,14,14,14,14,14,14,14
"778",14,14,14,14,14,14,14,14,14,14
"779",17,17,17,18,17,17,17,17,17,17
"780",17,17,17,18,17,17,17,17,17,17
"781",6,6,6,6,6,6,6,6,6,6
"782",14,14,14,14,14,14,14,14,14,14
"783",10,10,10,10,10,10,10,10,10,10
"784",11,5,5,9,5,5,5,5,9,5
"785",12,11,12,12,12,12,12,4,12,12
"786",18,12,12,17,12,12,12,11,18,11
"787",14,14,14,14,14,14,14,14,14,14
"788",18,12,17,17,17,17,17,11,18,11
"789",9,13,13,13,13,13,13,13,13,13
"790",4,4,4,4,4,4,4,4,4,4
"791",18,12,18,17,18,17,18,11,18,11
"792",18,12,12,17,12,12,12,11,18,11
"793",16,16,16,16,16,16,16,16,16,16
"794",17,17,17,18,17,17,17,17,17,17
"795",18,12,12,17,12,12,12,11,18,11
"796",5,18,18,5,18,18,18,18,5,18
"797",8,8,8,8,8,8,8,8,8,8
"798",18,12,12,17,12,12,12,11,18,11
"799",5,18,18,5,18,18,18,18,5,18
"800",6,6,6,6,6,6,6,6,6,6
"801",11,5,5,9,5,5,5,5,9,5
"802",1,1,1,1,1,1,1,1,1,1
"803",17,9,17,5,17,17,17,18,17,18
"804",11,5,5,9,5,5,5,5,9,5
"805",17,17,17,18,17,17,17,17,17,17
"806",5,9,18,5,18,18,18,18,5,18
"807",5,9,18,5,18,18,18,18,5,18
"808",18,12,17,17,12,12,17,11,18,11
"809",6,6,6,6,6,6,6,6,6,6
"810",17,9,17,5,17,17,17,18,17,18
"811",5,9,17,5,17,17,17,18,5,18
"812",5,9,17,5,18,18,18,18,5,18
"813",17,17,17,18,17,17,17,17,17,17
"814",6,6,6,6,6,6,6,6,6,6
"815",2,2,2,2,2,2,2,2,2,2
"816",13,13,13,13,13,13,13,13,13,13
"817",4,4,4,4,4,4,4,4,4,4
"818",6,6,6,6,6,6,6,6,6,6
"819",17,17,10,18,10,10,10,17,17,17
"820",18,12,17,17,17,17,17,11,18,11
"821",8,8,8,8,8,8,8,8,8,8
"822",16,16,16,16,16,16,16,16,16,16
"823",5,18,18,5,18,18,17,18,5,18
"824",18,12,12,17,12,12,12,11,18,11
"825",5,18,18,5,18,18,18,18,5,18
"826",6,6,6,6,6,6,6,6,6,6
"827",17,18,17,5,17,17,17,18,5,18
"828",5,9,18,5,18,18,18,18,5,18
"829",8,8,8,8,8,8,8,8,8,8
"830",16,16,16,16,16,16,16,16,16,16
"831",3,3,3,3,3,3,3,3,3,3
"832",5,9,18,5,18,17,18,18,5,18
"833",6,6,6,6,6,6,6,6,6,6
"834",8,8,8,8,8,8,8,8,8,8
"835",4,4,4,4,4,4,4,4,4,4
"836",14,14,14,14,14,14,14,14,14,14
"837",14,14,14,14,14,14,14,14,14,14
"838",18,12,18,17,18,18,18,11,18,11
"839",14,14,14,14,14,14,14,14,14,14
"840",11,5,5,9,5,5,5,5,9,5
"841",14,14,14,14,14,14,14,14,14,14
"842",6,6,6,6,6,6,6,6,6,6
"843",18,18,18,17,18,18,18,11,18,11
"844",12,11,9,12,9,9,9,12,9,9
"845",6,6,6,6,6,6,6,6,6,6
"846",17,18,17,18,17,18,17,18,17,18
"847",17,9,17,18,17,17,17,17,17,17
"848",18,12,18,17,18,18,18,11,18,11
"849",18,12,12,17,12,12,12,11,12,11
"850",2,2,2,2,5,5,2,2,2,2
"851",5,18,17,5,18,17,18,18,5,18
"852",5,18,17,5,17,17,18,18,5,18
"853",17,17,17,18,17,17,17,17,17,17
"854",6,6,6,6,6,5,6,11,6,6
"855",11,1,9,2,9,9,9,9,9,9
"856",9,13,13,13,13,13,13,13,13,13
"857",6,6,6,6,6,6,6,6,6,6
"858",12,11,12,12,12,12,12,4,12,12
"859",6,18,18,5,18,18,18,18,6,18
"860",17,17,17,18,17,17,17,17,17,17
"861",17,17,17,18,17,17,17,17,17,17
"862",18,18,18,17,18,18,18,11,18,11
"863",12,11,12,12,12,12,12,12,12,12
"864",17,17,17,18,17,17,17,17,17,17
"865",15,18,15,15,15,15,15,15,15,15
"866",17,9,17,18,17,17,17,17,17,17
"867",6,6,6,6,6,6,6,6,6,6
"868",17,18,17,5,17,18,17,17,17,17
"869",5,18,18,5,18,18,18,18,5,18
"870",17,17,17,18,17,17,17,17,17,17
"871",17,17,10,18,10,10,10,17,17,17
"872",5,18,18,5,18,18,18,18,5,18
"873",6,6,6,6,6,6,6,6,6,6
"874",6,6,6,6,6,6,6,6,6,6
"875",1,1,9,1,9,9,9,9,1,9
"876",12,11,12,12,12,12,12,12,12,12
"877",17,17,17,18,17,17,17,17,17,17
"878",11,5,2,2,2,2,2,5,2,2
"879",17,17,17,18,17,17,17,17,17,17
"880",17,17,17,18,17,17,17,17,17,17
"881",6,6,6,6,6,6,6,6,6,6
"882",17,18,18,18,17,18,18,17,17,17
"883",17,17,17,18,17,17,17,17,17,17
"884",18,12,12,17,12,12,18,11,18,11
"885",2,2,2,2,2,2,2,2,2,2
"886",3,3,3,3,3,3,3,3,3,3
"887",5,9,17,5,18,17,18,18,5,18
"888",17,17,17,18,17,17,17,17,17,17
"889",17,18,18,18,18,18,18,18,17,18
"890",5,18,18,5,18,18,18,18,5,18
"891",5,18,18,5,18,18,18,18,5,18
"892",6,6,6,6,6,6,6,6,6,6
"893",5,9,18,5,18,18,18,18,5,18
"894",14,14,14,14,14,14,14,14,14,14
"895",1,1,1,1,1,1,1,1,1,1
"896",18,12,17,17,17,17,17,11,18,11
"897",18,12,17,17,18,17,18,11,18,11
"898",11,5,5,9,5,5,5,5,9,5
"899",8,8,8,8,8,8,8,8,8,8
"900",17,9,17,18,17,17,17,17,17,17
"901",5,9,18,5,18,17,18,18,5,18
"902",18,12,18,17,18,18,18,11,18,11
"903",17,18,17,18,17,18,17,18,17,17
"904",11,5,5,9,5,5,9,5,9,5
"905",14,14,14,14,14,14,14,14,14,14
"906",18,12,18,17,18,18,18,11,18,11
"907",6,6,6,6,6,6,6,6,6,6
"908",14,14,14,14,14,14,14,14,14,14
"909",14,14,14,14,14,14,14,14,14,14
"910",18,12,18,17,18,18,18,11,18,11
"911",6,6,6,6,6,6,6,6,6,6
"912",4,4,1,4,1,1,1,4,4,4
"913",5,9,18,5,18,18,18,18,5,18
"914",12,16,12,12,12,12,12,4,12,16
"915",8,8,8,8,8,8,8,8,8,8
"916",6,6,6,6,6,6,6,6,6,6
"917",10,5,5,9,5,5,5,5,10,5
"918",14,14,14,14,14,14,14,14,14,14
"919",14,14,14,14,14,14,14,14,14,14
"920",3,3,3,3,3,3,3,3,3,3
"921",18,12,17,17,12,12,12,11,18,11
"922",11,9,9,5,9,9,9,18,9,9
"923",18,12,17,17,17,17,17,11,18,11
"924",3,3,3,3,3,3,3,3,3,3
"925",5,18,18,5,18,18,18,18,5,18
"926",11,3,9,3,9,6,9,5,3,5
"927",13,13,13,13,13,13,13,13,13,13
"928",14,14,14,14,14,14,14,14,14,14
"929",13,13,13,13,13,13,13,13,13,13
"930",5,18,15,5,15,18,15,18,5,18
"931",17,18,18,18,17,18,18,17,17,17
"932",14,14,14,14,14,14,14,14,14,14
"933",14,14,14,14,14,14,14,14,14,14
"934",6,6,6,6,6,6,6,6,6,6
"935",14,9,14,5,14,14,14,18,14,14
"936",14,14,14,14,14,14,14,14,14,14
"937",17,18,18,18,18,18,18,17,17,17
"938",17,9,17,18,17,17,17,17,17,17
"939",6,6,6,6,6,6,6,6,6,6
"940",1,1,9,1,9,9,9,9,1,9
"941",12,11,12,12,12,12,12,4,12,12
"942",17,17,17,18,17,17,17,17,17,17
"943",14,14,14,14,14,14,14,14,14,14
"944",17,18,17,18,17,17,17,17,17,17
"945",5,18,18,5,18,18,18,18,5,18
"946",17,17,17,18,17,17,17,17,17,17
"947",14,14,14,14,14,14,14,14,14,14
"948",18,12,12,17,12,12,12,11,18,11
"949",6,6,6,6,6,6,6,6,6,6
"950",11,5,5,9,5,5,5,5,9,5
"951",17,17,17,18,17,18,17,17,17,17
"952",18,12,18,17,18,18,18,11,18,11
"953",2,2,2,2,2,2,2,2,2,2
"954",5,18,18,5,18,18,18,18,5,18
"955",12,11,12,12,12,12,12,12,12,12
"956",5,18,18,5,18,18,18,18,5,18
"957",14,14,14,14,14,14,14,14,14,14
"958",17,17,17,18,17,17,17,17,17,17
"959",17,17,17,18,17,17,17,17,17,17
"960",11,5,5,9,5,5,5,5,9,5
"961",6,6,6,6,6,6,6,6,6,6
"962",1,1,9,1,9,9,9,9,1,9
"963",11,5,5,9,5,5,5,5,9,5
"964",14,14,14,14,14,14,14,14,14,14
"965",14,4,14,4,14,14,14,4,14,4
"966",6,6,6,6,6,6,6,6,6,6
"967",12,11,12,12,12,12,12,12,12,12
"968",17,9,17,5,17,17,17,18,5,18
"969",17,9,17,5,17,17,17,18,5,18
"970",11,5,5,9,5,5,5,5,9,5
"971",6,6,6,6,6,6,6,6,6,6
"972",5,18,18,5,18,18,18,18,5,18
"973",6,6,6,6,6,6,6,6,6,6
"974",17,9,9,18,9,9,9,17,17,9
"975",2,2,2,2,2,2,2,2,2,2
"976",18,12,12,17,12,12,12,11,18,11
"977",17,17,17,18,17,17,17,17,17,17
"978",5,18,17,5,17,18,17,18,5,18
"979",17,18,17,18,17,17,17,17,17,17
"980",6,6,6,6,6,6,6,6,6,6
"981",6,6,6,6,6,6,6,6,6,6
"982",17,17,17,18,17,17,17,17,17,17
"983",6,6,6,6,6,6,6,6,6,6
"984",11,5,5,9,5,5,5,5,2,5
"985",17,17,17,18,17,17,17,17,17,17
"986",13,13,13,13,13,13,13,13,13,13
"987",8,8,8,8,8,8,8,8,8,8
"988",12,12,12,17,5,12,12,11,12,11
"989",17,17,17,18,17,17,17,17,17,17
"990",2,2,2,2,2,2,2,2,2,2
"991",6,6,6,6,6,6,6,6,6,6
"992",10,5,5,9,5,5,5,5,10,5
"993",6,6,6,6,6,6,6,6,6,6
"994",11,5,5,9,5,5,5,5,9,5
"995",6,6,6,6,6,6,6,6,6,6
"996",14,14,14,14,14,14,14,14,14,14
"997",14,14,14,14,14,14,14,14,14,14
"998",2,2,2,2,2,2,2,2,2,2
"999",4,4,4,4,4,4,4,4,4,4
"1000",14,14,14,14,14,14,14,14,14,14
"1001",10,10,10,10,10,10,10,10,10,10
"1002",17,17,17,18,17,17,17,17,17,17
"1003",17,9,17,18,17,17,17,17,17,17
"1004",16,16,4,16,4,4,4,16,4,16
"1005",17,17,17,18,17,17,17,17,17,17
"1006",18,18,18,17,18,18,18,11,18,11
"1007",17,17,17,18,17,17,17,17,17,17
"1008",13,13,13,13,13,13,13,13,13,13
"1009",14,18,13,13,13,13,13,14,13,14
"1010",11,9,18,9,18,17,18,18,9,18
"1011",14,14,14,14,14,14,14,14,14,14
"1012",12,11,12,12,12,12,12,4,12,12
"1013",6,6,6,6,6,6,6,6,6,6
"1014",14,14,9,14,9,9,9,9,14,9
"1015",16,16,16,16,16,16,16,16,16,16
"1016",5,9,18,5,18,17,18,18,5,18
"1017",12,11,5,12,5,5,5,12,12,12
"1018",3,3,3,3,3,3,3,3,3,3
"1019",4,4,4,4,4,4,4,4,4,4
"1020",14,14,14,14,14,14,14,14,14,14
"1021",9,3,11,11,11,11,11,3,11,15
"1022",14,14,14,14,14,14,14,14,14,14
"1023",18,12,18,17,18,17,18,11,18,11
"1024",14,14,14,14,14,14,14,14,14,14
"1025",6,6,6,6,6,6,6,6,6,6
"1026",17,9,17,5,17,17,17,17,17,18
"1027",16,16,16,16,16,16,16,16,16,16
"1028",14,14,14,14,14,14,14,14,14,14
"1029",10,10,10,10,10,10,10,10,10,10
"1030",5,18,18,5,18,18,18,18,5,18
"1031",6,17,6,6,6,6,6,6,6,6
"1032",5,18,18,5,18,18,18,18,5,18
"1033",17,17,17,18,17,17,17,17,17,17
"1034",17,18,18,18,18,18,18,17,17,17
"1035",1,1,9,1,9,9,1,1,1,1
"1036",14,14,14,14,14,14,14,14,14,14
"1037",5,18,18,5,18,18,18,18,5,18
"1038",11,5,5,9,5,5,5,5,9,5
"1039",12,11,12,12,12,12,12,4,12,12
"1040",14,14,14,14,14,14,14,14,14,14
"1041",14,14,14,14,14,14,14,14,14,14
"1042",14,14,11,11,11,14,14,14,14,14
"1043",14,14,14,14,14,14,14,14,14,14
"1044",17,17,17,18,17,17,17,17,17,17
"1045",1,1,1,1,1,1,1,1,1,1
"1046",11,5,5,9,5,5,5,5,9,5
"1047",5,18,18,5,18,18,18,18,5,18
"1048",14,14,14,14,14,14,14,14,14,14
"1049",18,12,12,17,12,12,12,11,18,11
"1050",2,2,2,2,2,2,2,2,2,2
"1051",17,17,17,18,17,18,17,17,17,17
"1052",6,18,6,6,6,6,6,6,6,6
"1053",1,1,1,1,1,1,1,1,1,1
"1054",9,15,11,11,11,11,11,15,11,15
"1055",2,2,2,2,2,2,2,2,2,2
"1056",6,6,6,6,6,6,6,6,6,6
"1057",6,6,6,6,6,6,6,6,6,6
"1058",1,1,1,1,1,1,1,1,1,1
"1059",12,11,12,12,12,12,12,12,12,12
"1060",14,14,14,14,14,14,14,14,14,14
"1061",6,6,6,6,6,6,6,6,6,6
"1062",18,12,12,17,12,12,12,12,18,11
"1063",6,6,6,6,6,6,6,6,6,6
"1064",6,6,6,6,6,6,6,6,6,6
"1065",1,1,1,1,1,1,1,1,1,1
"1066",18,12,8,17,8,8,8,11,18,11
"1067",16,16,16,16,16,16,16,16,16,16
"1068",1,1,9,1,9,9,9,9,1,9
"1069",1,1,9,1,9,9,1,9,1,9
"1070",14,14,14,14,14,14,14,14,14,14
"1071",11,5,5,9,5,5,5,5,9,5
"1072",1,1,1,1,1,1,1,1,1,1
"1073",8,8,8,8,8,8,8,8,8,8
"1074",6,6,6,6,6,6,6,6,6,6
"1075",14,14,14,14,14,14,14,14,14,14
"1076",2,2,2,2,2,2,2,2,2,2
"1077",14,14,14,14,14,14,14,14,14,14
"1078",14,14,14,14,14,14,14,14,14,14
"1079",14,14,14,14,14,14,14,14,14,14
"1080",6,6,6,6,6,6,6,6,6,6
"1081",5,18,18,5,18,18,18,18,5,18
"1082",1,1,1,1,1,1,1,9,1,1
"1083",14,14,14,14,14,14,14,14,14,14
"1084",11,1,9,1,9,9,9,9,9,9
"1085",8,8,8,8,8,8,8,8,8,8
"1086",14,14,14,14,14,14,14,14,14,14
"1087",8,8,8,8,8,8,8,8,8,8
"1088",6,6,6,6,6,6,6,6,6,6
